   6.8371557e+01   9.8793473e+01
   1.3208296e+01   1.7043202e+01
   7.2272454e+01   2.5779225e+01
   1.1035348e+01   3.9679932e+01
   1.1749285e+01   7.3994770e+00
   6.4071792e+01   6.8409607e+01
   3.2881421e+01   4.0238833e+01
   6.5381202e+01   9.8283520e+01
   7.4913146e+01   4.0218399e+01
   5.8318573e+01   6.2067195e+01
   7.4003233e+01   1.5436981e+01
   2.3482691e+01   3.8134520e+01
   7.3495754e+01   1.6113397e+01
   9.7059853e+01   7.5811243e+01
   8.6693029e+01   8.7111112e+01
   8.6234530e+00   3.5077674e+01
   3.6643662e+01   6.8553571e+01
   3.6919880e+01   2.9414863e+01
   6.8502847e+01   5.3062930e+01
   5.9794164e+01   8.3242339e+01
   7.8936394e+01   5.9749019e+01
   3.6765292e+01   3.3531133e+01
   2.0602786e+01   2.9922502e+01
   8.6666547e+00   4.5259254e+01
   7.7193392e+01   4.2264565e+01
   2.0567452e+01   3.5960632e+01
   3.8827163e+01   5.5831920e+01
   5.5177853e+01   7.4254537e+01
   2.2895325e+01   4.2433478e+01
   6.4194062e+01   4.2935579e+01
   4.8448037e+01   1.2487276e+01
   1.5184553e+01   2.4434016e+00
   7.8193197e+01   2.9018527e+01
   1.0060632e+01   3.1752058e+01
   2.9406633e+01   6.5369013e+01
   2.3737302e+01   9.5693592e+01
   5.3087226e+01   9.3573087e+01
   9.1498731e+00   4.5788633e+01
   4.0531542e+01   2.4047840e+01
   1.0484625e+01   7.6389794e+01
   1.1228396e+01   7.5932738e+01
   7.8442789e+01   7.4064806e+01
   2.9157032e+01   7.4368834e+01
   6.0353344e+01   1.0592042e+01
   9.6442267e+01   6.8156043e+01
   4.3248499e+01   4.6326058e+01
   6.9475219e+01   2.1216321e+01
   7.5809928e+01   9.8518738e+00
   4.3264233e+01   8.2357447e+01
   6.5549804e+01   1.7500974e+01
   1.0975505e+01   1.6356991e+01
   9.3375985e+01   6.6598722e+01
   1.8746081e+01   8.9438938e+01
   2.6617884e+01   5.1655821e+01
   7.9783026e+01   7.0270231e+01
   4.8760378e+01   1.5359038e+01
   7.6895826e+01   9.5345707e+01
   3.9600675e+01   5.4088408e+01
   2.7293879e+01   6.7973390e+01
   3.7234634e+00   3.6563018e+00
   6.7329491e+01   8.0920385e+01
   4.2956446e+01   7.4861887e+01
   4.5173923e+01   1.2018702e+01
   6.0985717e+01   5.2504516e+01
   5.9403297e+00   3.2583363e+01
   3.1581144e+01   5.4644944e+01
   7.7272213e+01   3.9888075e+01
   6.9643299e+01   4.1509339e+01
   1.2533218e+01   1.8073776e+01
   1.3015145e+01   2.5538674e+01
   9.2352339e+00   2.0535775e+00
   7.8202936e-01   9.2367561e+01
   4.2310939e+01   6.5369989e+01
   6.5557317e+01   9.3261357e+01
   7.2292252e+01   1.6351237e+01
   5.3120929e+01   9.2109726e+01
   1.0881794e+01   7.9465789e+01
   6.3176637e+01   5.7739420e+01
   1.2649987e+01   4.4003560e+01
   1.3430330e+01   2.5761374e+01
   9.8594093e+00   7.5194639e+01
   1.4202725e+01   2.2866948e+01
   1.6825130e+01   6.4187087e+00
   1.9624892e+01   7.6732951e+01
   3.1747978e+01   6.7120219e+01
   3.1642900e+01   7.1521251e+01
   2.1756331e+01   6.4206083e+01
   2.5104185e+01   4.1904829e+01
   8.9292241e+01   3.9076208e+01
   7.0322322e+01   8.1614010e+01
   5.5573794e+01   3.1742786e+01
   1.8443367e+01   8.1453977e+01
   2.1203084e+01   7.8907351e+01
   7.7346808e+00   8.5226389e+01
   9.1380041e+01   5.0563662e+01
   7.0671522e+01   6.3566139e+01
   5.5778897e+01   9.5089442e+01
   3.1342899e+01   4.4396416e+01
   1.6620356e+01   6.0018820e+00
   6.2249726e+01   8.6674990e+01
